06380165
94885899
43311248
80096591
69611334
34143655
45879271
81397235
66801954
41211768
20318100
78380196
57661384
58968141
38488071
28121575
07549045
61211584
23144374
03105141
58694993
82556390
32536173
71453897
04906079
51424499
78501290
86295784
86239699
10551457
23624355
96596149
53348917
18410256
30887893
26985509
99346605
04155106
77357723
48494154
57931331
25230335
40019797
05229611
40743197
70175518
11576173
86590382
71933856
87425303
90359487
35530045
08032683
60237780
00649397
31564377
43600689
06324488
60343693
42637282
33092176
95166424
83855474
77110073
46073008
36960931
91480268
30188791
30291670
57718888
87422937
38192487
92717514
72244249
70816056
07064727
68906450
14328614
72357207
98014946
00590168
56300977
20034220
11112293
83878750
76798154
70523490
60377201
61248092
25330860
67862074
20701050
05779057
